10
450
767
793
903
506
403
856
748
901
70
2
751
573
625
374
438
748
616
16
527
84
620
962
13
162
986
16
914
920
964
708
436
912
934
143
277
6
651
234
646
38
905
412
532
717
123
692
998
92
566
185
261
986
614
480
204
817
745
54
75
61
604
518
367
512
85
269
388
569
361
229
245
805
319
279
435
543
884
844
645
381
968
814
543
763
801
130
878
100
350
689
106
581
199
495
109
292
308
11
675
761
931
208
706
541
726
244
965
584
419
23
620
319
62
534
901
950
228
265
777
345
362
202
216
210
829
39
566
574
299
561
291
393
522
973
53
739
527
67
105
994
538
998
650
74
608
99
40
931
777
437
133
746
251
296
324
219
567
445
595
837
810
694
491
582
967
826
493
593
338
91
640
932
416
966
560
207
510
379
536
330
391
702
203
495
10
261
455
424
387
586
148
490
505
611
172
530
856
345
331
758
456
318
601
639
757
866
125
509
960
599
140
156
382
388
499
407
544
39
41
954
795
766
664
171
496
96
942
980
686
72
591
514
695
98
357
898
169
441
218
397
294
103
245
888
894
254
860
762
739
391
921
784
197
329
840
147
879
821
976
220
250
56
88
838
17
136
683
805
556
98
895
518
832
355
882
623
599
101
847
232
933
733
576
130
531
587
699
607
735
42
394
619
403
544
662
401
132
792
764
232
190
286
75
144
879
706
492
464
841
697
579
490
444
65
125
289
99
356
754
977
54
134
726
552
904
594
946
35
202
241
424
668
871
957
631
11
185
94
155
131
261
850
665
294
42
42
97
868
271
651
773
304
581
898
369
243
43
460
828
37
833
85
894
840
536
495
762
552
416
341
126
584
793
264
272
175
710
674
428
787
782
297
83
332
973
950
366
228
707
671
219
94
387
970
815
557
951
323
925
590
290
624
997
864
46
754
57
514
111
551
693
974
896
318
269
270
404
258
698
52
384
187
520
822
135
737
930
705
717
371
295
645
137
7
74
322
621
266
468
929
663
690
108
742
549
242
170
949
732
214
