14
1280
204
500
818
300
832
681
970
620
442
597
209
185
635
262
125
564
53
650
844
251
939
831
168
393
767
448
27
494
955
705
132
968
973
589
728
322
677
653
565
4
448
460
194
91
338
185
43
226
560
301
972
281
836
246
316
174
268
835
564
529
684
392
775
317
363
684
252
531
932
913
490
48
431
500
717
195
935
734
478
768
900
570
207
736
764
960
86
292
581
601
585
95
711
972
156
828
64
56
303
153
815
859
204
186
981
363
791
569
97
779
471
564
603
904
396
495
275
276
529
492
755
955
195
536
122
837
58
880
139
99
897
723
445
932
345
778
372
818
611
365
632
697
13
456
340
640
795
215
753
236
714
517
356
225
674
507
606
882
290
238
403
19
529
554
470
540
418
414
930
449
470
280
339
904
193
675
302
699
302
166
415
846
740
503
866
555
405
744
684
204
148
904
426
985
263
573
674
827
646
544
361
264
147
554
692
712
354
686
363
118
987
862
307
156
725
283
516
512
949
527
706
939
255
501
383
677
876
716
137
673
510
848
351
854
752
505
226
776
329
112
610
60
258
199
847
412
813
80
217
250
505
681
394
423
724
886
274
966
248
463
307
229
817
164
574
700
805
231
773
186
277
201
115
572
236
775
977
134
941
118
867
807
914
341
762
32
690
538
707
542
898
143
696
384
864
262
381
635
468
139
301
764
311
969
862
285
912
344
547
812
765
246
577
808
191
955
660
574
314
169
346
283
59
859
416
226
738
373
876
608
842
717
843
375
639
825
355
720
151
897
164
436
268
238
371
301
225
516
71
664
547
883
999
350
66
28
643
883
16
586
307
462
137
230
261
83
724
568
11
517
529
507
107
504
459
105
793
382
80
558
738
351
598
481
458
327
128
608
689
219
602
756
210
620
969
485
252
223
751
231
460
668
725
789
418
710
65
708
299
570
923
468
79
955
699
458
964
381
165
641
395
833
887
595
33
625
130
139
881
333
999
4
855
284
60
671
504
559
375
913
865
970
867
867
37
300
105
471
739
570
200
711
199
295
287
47
208
678
747
622
506
755
237
777
725
367
797
394
373
986
237
207
611
574
127
997
156
178
864
334
225
68
665
177
911
443
244
449
79
795
660
912
88
498
488
830
348
499
537
740
97
433
682
542
177
958
632
873
812
884
281
329
772
404
402
247
633
86
220
832
278
648
814
833
188
610
337
905
989
153
824
40
580
378
838
799
115
122
645
56
981
451
684
664
253
994
888
905
71
71
239
925
350
29
97
215
197
410
391
908
825
689
609
699
326
734
90
17
962
114
839
184
703
416
656
705
453
838
246
447
295
680
278
846
821
545
268
204
570
116
980
207
783
515
180
671
439
685
78
933
468
173
829
444
386
280
110
750
907
824
2
482
907
463
408
413
132
461
728
791
133
286
757
24
238
230
306
219
320
919
1
441
603
588
336
793
503
822
910
558
830
959
92
930
642
477
422
906
244
930
516
209
5
913
404
121
16
787
91
615
735
555
12
903
245
303
488
577
588
553
15
282
424
372
93
485
532
514
904
227
563
685
617
305
442
261
89
578
156
954
582
516
285
291
895
71
564
614
820
843
314
952
337
769
568
543
220
157
745
566
229
514
179
817
118
935
228
794
771
473
914
155
164
585
403
253
81
159
638
472
509
23
418
772
117
795
894
840
867
33
209
665
262
527
163
837
516
36
51
15
667
816
762
470
933
262
583
842
402
545
765
111
370
558
698
733
851
297
946
446
527
746
524
346
426
488
802
304
483
86
359
166
321
6
388
258
856
604
691
426
339
764
688
489
164
967
324
59
58
441
556
507
875
702
50
578
634
551
602
203
562
880
504
685
228
140
160
73
541
442
653
876
772
585
903
79
218
546
527
477
515
790
164
445
988
160
51
369
358
563
746
870
706
751
366
53
444
8
430
281
5
920
767
570
228
167
353
313
341
440
906
685
557
61
498
573
821
149
319
695
325
997
634
993
738
117
729
486
818
564
766
907
440
959
392
618
868
598
896
903
445
335
591
881
241
208
734
859
500
15
782
804
751
324
186
611
427
401
137
399
686
688
952
327
141
326
184
869
571
431
907
520
81
162
845
770
951
806
729
855
25
645
897
911
949
640
698
958
412
875
271
250
175
723
685
268
45
565
471
907
474
840
442
117
746
998
996
256
326
663
89
232
805
775
254
737
183
505
986
544
974
356
641
461
670
405
179
116
799
532
341
820
273
467
542
302
39
933
740
818
262
212
103
783
424
382
279
971
812
640
546
538
569
203
57
961
347
398
99
301
156
628
18
199
687
648
693
571
969
830
301
66
680
884
276
421
569
57
690
570
381
692
90
996
524
88
229
414
405
831
790
216
507
100
790
837
924
878
600
4
951
402
39
950
60
735
326
175
105
400
345
233
297
774
315
789
575
996
167
220
300
991
578
301
421
437
9
567
753
813
647
801
810
904
378
623
369
750
191
432
767
324
394
623
689
620
363
447
867
454
174
282
281
558
9
115
106
974
395
418
198
573
971
49
241
904
574
205
600
144
254
695
236
588
359
907
477
432
59
848
184
534
225
9
620
981
74
644
641
591
268
465
306
439
154
957
117
746
484
88
305
989
882
123
63
192
55
294
836
106
748
761
950
389
826
241
76
562
980
150
51
480
245
979
918
386
230
549
182
855
562
935
755
126
893
925
673
752
434
656
966
928
684
538
995
945
312
394
738
304
153
858
463
378
540
503
361
782
213
273
355
198
793
76
782
482
550
733
434
893
976
905
629
652
341
187
562
981
155
84
181
132
232
40
950
332
202
782
756
996
801
928
429
823
66
645
475
217
333
299
817
319
65
688
70
422
942
531
761
278
355
895
238
440
537
624
687
934
648
368
15
483
209
668
603
19
563
747
714
419
