17
128
806
914
846
696
638
372
467
300
876
997
485
579
436
458
426
237
58
765
872
825
271
700
600
580
676
533
56
308
230
95
465
189
323
818
346
60
19
714
981
818
323
56
233
667
86
130
87
215
421
267
401
385
441
854
848
390
133
735
613
640
505
491
994
372
93
241
681
265
827
905
333
827
433
948
313
886
885
955
486
918
713
973
432
886
761
396
411
440
570
231
522
989
302
869
176
941
533
128
603
176
286
160
605
350
630
290
837
629
848
616
469
921
631
594
629
905
928
430
169
120
842
716
118
840
954
413
275
526
