20
368
90
309
984
478
738
154
968
13
318
936
109
933
918
60
6
515
389
105
161
498
643
479
920
479
889
492
540
613
227
214
618
298
850
431
851
962
563
417
216
978
106
580
502
543
939
463
878
16
714
395
696
593
945
70
441
538
266
679
298
920
782
837
51
210
974
852
336
870
824
322
291
797
700
863
899
468
118
468
91
269
703
182
365
965
912
251
353
551
862
364
192
777
268
379
590
749
149
239
32
692
394
445
514
166
203
201
316
388
377
118
254
713
835
290
33
982
631
877
440
590
724
668
359
666
205
9
155
581
648
733
842
906
112
689
132
765
841
113
314
583
66
171
134
470
175
110
339
76
695
365
950
639
251
582
782
897
313
919
128
281
96
49
678
666
324
983
89
418
188
64
764
397
42
251
195
339
211
211
772
48
200
155
524
202
428
739
221
616
351
324
519
409
306
841
533
651
340
510
489
237
709
389
547
543
969
935
61
872
247
104
595
760
978
174
497
927
663
411
749
334
816
465
567
973
609
405
478
908
282
479
669
14
684
297
157
27
407
359
53
69
706
870
152
677
828
911
134
751
716
813
981
323
404
837
441
733
524
446
361
551
164
122
588
221
584
476
868
226
955
914
650
378
438
532
795
559
592
109
626
752
162
34
77
294
83
497
700
361
154
308
343
291
578
462
135
851
931
181
496
581
486
16
797
999
569
523
493
71
76
305
861
763
539
33
46
185
93
756
368
281
260
974
894
440
318
779
428
574
667
845
935
130
536
875
61
44
420
147
221
403
289
522
119
297
661
715
902
371
873
415
397
61
418
69
265
606
678
611
981
512
553
307
627
515
449
952
242
609
