22
1352
73
548
148
808
465
451
544
639
338
375
357
191
816
769
175
169
677
305
151
536
70
185
399
953
472
849
653
826
453
502
398
466
787
633
421
530
751
461
244
370
854
513
274
735
228
399
933
724
784
235
138
142
704
616
515
309
409
512
456
87
426
691
689
495
953
570
299
423
342
571
593
369
903
256
733
108
91
779
751
180
731
173
125
675
774
464
892
968
260
49
94
13
133
258
788
661
115
758
309
557
517
367
264
667
742
653
247
500
181
543
765
626
750
311
729
942
977
297
251
730
425
684
246
451
152
204
726
901
265
183
925
247
158
167
25
760
147
407
663
954
875
522
134
541
825
192
741
832
609
954
871
20
753
64
537
865
890
193
24
5
307
947
952
954
976
27
131
536
807
808
311
515
843
819
275
870
84
481
826
775
567
476
985
957
306
423
158
960
587
233
994
1000
433
811
680
848
747
741
862
348
160
262
852
617
663
739
627
180
711
498
288
517
41
407
920
357
133
575
14
55
315
763
739
835
212
351
197
712
383
604
523
475
327
834
128
163
669
858
655
271
267
379
606
346
593
27
957
197
195
297
648
942
746
960
83
624
498
31
71
875
92
647
674
589
181
404
851
137
103
256
614
103
62
916
364
628
613
656
472
380
970
109
477
797
616
40
412
174
828
202
740
207
914
407
202
827
504
740
676
371
731
748
17
565
625
484
92
509
791
277
560
274
852
26
325
573
797
651
899
453
186
570
287
895
257
924
484
252
66
497
132
706
691
351
399
472
165
348
955
212
718
683
877
872
984
578
423
533
922
481
443
894
773
421
430
432
826
669
384
88
82
149
619
294
182
890
322
336
104
892
996
738
282
867
569
629
421
947
412
949
525
186
265
320
771
468
66
860
691
924
861
24
520
358
480
597
540
386
367
830
388
852
429
398
203
322
337
697
973
974
35
710
671
925
80
483
46
7
962
762
757
935
363
370
27
69
699
393
629
370
144
321
335
84
110
584
32
819
376
621
895
315
749
247
329
595
390
368
445
453
62
34
993
919
827
441
933
418
365
233
681
337
285
337
19
331
536
233
459
325
668
639
659
746
345
768
993
828
187
350
263
344
184
421
965
132
517
170
853
356
46
518
992
822
213
103
495
923
611
55
932
311
221
922
417
162
328
794
761
760
792
197
782
334
318
138
843
798
720
191
779
493
109
655
226
330
609
2
731
74
646
845
801
522
68
331
841
885
538
924
95
31
781
446
193
200
560
785
626
109
445
63
223
19
171
132
343
333
641
650
446
889
825
936
947
134
265
892
515
513
990
534
221
480
449
255
440
70
951
971
609
296
259
811
146
15
647
749
671
575
572
519
274
520
742
514
386
131
123
556
239
303
108
81
802
220
957
947
915
959
402
847
226
792
523
81
954
913
434
619
370
304
386
314
134
78
394
234
198
697
514
971
798
166
726
564
262
635
416
71
994
237
3
181
972
301
85
219
272
32
300
93
665
735
92
898
322
724
424
136
296
519
800
946
422
296
9
759
625
773
731
573
965
390
943
749
175
495
584
801
708
814
884
675
146
822
26
64
654
739
646
269
422
790
130
752
792
843
608
291
514
490
598
92
868
27
360
872
763
318
916
489
15
513
770
342
703
19
475
299
395
825
212
992
922
902
915
518
573
777
273
558
387
609
736
964
423
876
262
949
496
913
771
717
999
810
880
685
358
519
288
251
487
734
755
745
738
55
353
906
643
416
396
810
532
692
585
918
870
785
65
693
966
465
858
773
614
737
611
536
665
785
336
496
627
876
475
745
344
881
900
670
796
736
546
535
67
569
450
377
826
185
823
591
829
126
148
943
26
678
934
344
310
483
516
75
959
778
515
519
114
51
573
793
342
67
931
68
713
273
819
694
425
934
3
211
877
784
398
141
157
905
526
332
47
547
748
419
76
551
428
907
722
671
108
420
507
88
630
521
254
875
507
915
21
702
707
665
430
63
627
975
70
273
174
36
459
882
439
656
784
732
637
294
439
419
568
854
34
902
668
622
842
881
355
250
876
818
448
610
713
627
409
979
117
63
836
537
730
896
326
75
109
905
207
375
601
640
738
631
811
894
940
572
694
833
923
603
8
194
609
781
476
803
272
155
561
603
112
225
108
269
632
195
289
77
145
390
680
717
729
680
478
872
983
186
88
781
866
36
879
397
286
690
73
496
841
358
116
645
243
39
209
345
373
160
782
842
796
659
676
236
374
856
891
763
740
56
210
435
560
311
403
813
145
930
454
42
228
213
13
292
877
760
713
811
823
43
723
678
216
47
957
587
65
711
818
849
332
319
234
851
174
347
243
712
560
636
637
281
336
967
396
234
301
414
132
252
44
915
232
418
564
193
723
827
449
725
315
760
982
958
778
751
900
529
207
791
11
488
4
324
326
796
625
581
980
872
578
60
124
936
645
14
177
586
774
820
198
539
814
785
92
733
449
893
721
632
390
258
155
247
5
485
613
572
277
262
482
782
995
595
872
266
745
538
262
488
438
630
545
256
267
28
931
949
990
239
342
896
802
280
287
448
687
114
942
864
910
93
549
409
391
953
960
690
766
182
436
477
716
593
442
373
842
249
949
989
747
787
562
722
666
75
345
707
394
996
545
863
765
10
568
488
911
501
11
991
459
257
490
441
366
12
632
80
619
328
2
13
591
738
134
668
655
281
438
184
606
723
909
529
298
68
329
604
993
41
209
810
953
428
321
810
285
928
884
267
663
496
49
29
298
795
138
760
959
891
784
584
99
318
83
143
950
676
33
651
911
947
228
250
662
479
1
330
434
421
757
982
788
338
995
54
172
936
141
950
915
713
543
690
785
79
138
520
607
899
983
71
303
260
65
111
915
850
241
289
603
3
68
967
188
94
848
183
885
335
503
117
611
747
747
295
872
804
866
332
839
847
428
847
107
59
211
585
256
29
393
285
418
458
657
592
341
820
559
825
941
673
609
765
815
576
834
806
632
30
157
716
964
56
255
276
625
394
408
329
214
927
755
1000
638
73
387
761
641
996
184
395
908
902
867
934
280
370
887
407
241
261
385
735
