29
1564
985
253
335
690
884
734
812
140
510
533
350
2
890
2
811
792
488
344
258
962
764
184
215
167
407
174
378
735
787
161
677
830
97
345
461
521
782
516
683
785
245
82
883
117
950
490
372
165
632
436
97
893
410
345
919
406
449
775
473
699
853
513
545
522
724
438
328
577
803
385
623
308
226
418
886
92
775
491
581
274
454
597
649
229
352
403
42
40
666
767
707
687
136
44
769
459
752
221
527
667
251
924
841
902
66
189
536
127
654
27
326
952
651
699
490
290
357
248
734
964
796
599
319
794
308
772
29
256
688
444
691
855
591
629
737
934
391
178
977
213
570
572
78
671
230
910
772
422
890
519
572
483
886
853
126
141
665
392
124
242
809
996
956
764
215
748
527
878
904
235
856
367
203
580
199
310
976
534
614
455
38
304
715
540
528
411
376
872
968
583
208
616
405
294
890
739
209
745
546
147
622
39
559
860
626
189
399
389
752
171
570
549
585
907
445
488
395
983
589
154
673
475
319
987
915
121
869
683
591
996
20
31
568
871
204
757
142
286
279
605
966
253
534
585
548
848
392
551
166
651
484
179
626
947
850
834
483
860
469
757
536
629
523
226
614
305
416
378
679
207
23
526
106
580
67
3
797
95
77
896
369
557
823
165
605
255
545
814
637
193
537
912
684
988
520
68
944
822
323
66
630
200
239
591
437
16
1
266
670
600
908
563
308
447
332
349
617
479
571
223
682
935
122
589
68
97
59
532
751
662
252
189
545
569
583
721
766
257
671
327
199
227
341
465
136
360
476
998
527
539
146
996
930
430
80
787
415
964
76
538
74
738
573
676
443
226
366
635
750
368
615
929
807
593
792
690
245
240
759
398
198
411
140
245
75
389
931
764
150
814
394
575
497
184
620
943
729
371
21
534
819
475
407
609
614
528
956
502
641
327
349
325
886
751
546
955
591
126
3
565
87
549
886
379
149
345
466
661
741
116
100
722
719
772
592
926
204
314
954
267
110
925
221
652
775
895
708
518
957
248
823
728
508
827
385
253
701
326
687
831
46
325
971
910
738
49
450
161
786
677
258
764
979
706
321
971
746
931
90
198
270
499
193
581
621
214
768
678
673
62
595
404
68
543
962
218
706
236
532
689
31
563
924
175
888
174
559
665
70
164
275
202
168
920
879
243
24
32
806
309
362
856
237
429
232
528
680
408
73
252
592
608
771
898
200
325
558
665
656
607
19
808
737
610
69
149
153
91
551
47
154
139
607
614
703
442
817
25
390
877
526
456
420
803
535
292
613
213
252
115
995
764
722
833
994
679
701
659
25
525
426
245
283
871
560
767
975
234
871
691
708
436
66
434
241
956
9
336
884
943
243
757
2
57
538
885
527
1
639
522
774
200
567
289
322
314
454
883
150
925
299
700
906
299
540
977
87
235
348
837
550
797
417
957
835
733
987
134
864
879
699
875
111
332
824
363
287
452
527
594
452
589
700
910
72
554
804
101
190
599
861
517
264
460
440
381
391
761
750
890
188
721
545
452
789
626
972
563
10
908
638
131
680
623
370
624
949
234
794
958
517
33
22
383
109
727
56
291
302
669
738
219
37
881
618
823
528
346
716
201
211
946
880
793
835
454
302
129
635
707
991
68
78
313
998
819
212
332
247
321
472
776
719
864
297
581
205
386
88
11
919
573
729
472
967
473
422
224
111
931
808
284
186
247
311
934
422
497
356
651
151
861
237
354
462
321
513
685
370
143
892
630
677
655
525
332
850
668
679
405
645
213
341
685
716
375
697
720
780
1
910
933
608
977
740
773
358
997
45
466
953
157
174
306
478
175
679
478
329
170
583
726
912
143
922
968
996
468
452
984
563
900
666
602
840
260
327
886
799
286
676
604
411
859
132
96
739
541
391
271
517
907
149
939
81
105
590
666
450
607
223
598
648
208
232
721
81
902
612
576
265
331
8
650
208
747
935
616
803
609
445
478
533
104
59
51
551
931
42
886
350
702
4
153
613
158
335
763
642
694
179
281
237
653
295
332
118
380
559
273
478
756
280
508
114
351
567
630
347
669
327
210
513
499
449
570
425
199
361
71
380
494
350
393
354
58
146
19
999
454
643
963
197
732
690
177
2
538
594
734
188
815
611
790
298
108
487
25
52
225
508
398
694
757
484
401
185
267
521
719
250
961
101
607
391
346
817
172
255
919
100
208
258
81
182
491
145
171
14
181
87
349
401
672
64
539
372
513
456
984
36
616
48
493
883
917
348
783
462
126
9
816
13
159
365
932
682
281
735
230
966
30
817
900
480
692
746
961
79
496
361
129
354
996
415
242
374
628
589
978
8
774
174
915
300
249
782
974
638
303
899
127
710
53
690
421
73
666
845
205
173
374
252
303
101
326
154
465
694
733
793
82
729
797
976
970
595
630
476
569
929
110
941
533
423
522
387
671
627
443
704
592
190
197
407
856
947
708
606
248
771
16
568
697
479
210
950
564
336
247
39
291
788
357
245
951
713
964
443
324
479
511
516
274
401
35
804
54
453
423
733
48
196
516
451
638
772
742
177
881
932
300
64
630
103
645
44
23
460
932
162
571
13
533
783
932
120
752
811
679
531
854
198
386
371
65
673
937
702
457
584
169
294
780
998
360
881
446
810
148
48
537
704
284
805
46
555
380
89
701
794
197
516
561
585
844
662
752
626
305
789
898
571
44
536
936
521
403
180
871
325
398
61
844
926
319
15
762
656
36
93
25
979
751
26
746
183
144
638
689
398
208
835
178
154
418
808
807
242
662
246
976
991
837
122
780
379
212
922
264
756
842
884
662
54
4
867
15
663
300
442
779
238
557
830
352
894
571
1000
458
160
256
912
922
215
201
824
226
544
483
160
544
73
648
949
33
633
302
432
848
937
698
884
951
857
713
352
117
662
615
966
440
739
523
898
277
181
987
727
854
828
868
15
3
598
61
282
124
262
204
233
670
998
17
810
620
592
250
95
808
107
494
66
634
603
246
740
16
690
361
199
127
567
783
128
681
404
360
145
407
412
950
901
240
684
536
38
763
778
961
876
402
955
216
166
640
841
425
166
756
317
484
40
766
257
628
723
257
874
819
467
377
484
68
422
800
310
673
886
844
607
854
398
50
481
926
865
385
164
276
719
520
951
420
553
282
859
252
911
820
168
381
752
859
804
694
666
155
801
835
178
654
271
386
415
546
266
294
730
750
517
695
296
741
254
530
315
676
492
253
462
865
295
518
936
397
399
20
626
59
863
102
940
473
587
995
637
319
672
362
602
478
235
98
985
955
972
308
870
739
204
376
958
761
270
70
226
558
450
919
646
904
279
850
235
838
834
34
593
675
674
768
825
498
350
814
154
641
929
780
498
56
972
886
104
51
421
709
335
702
839
173
190
490
610
287
94
77
452
376
931
630
488
450
943
65
590
385
595
151
187
336
983
467
235
725
260
920
924
171
175
215
605
87
841
719
494
221
286
77
810
571
651
303
178
478
3
460
76
340
219
15
196
202
844
835
57
287
601
424
964
24
698
502
