33
698
933
118
652
893
690
442
781
440
468
598
717
297
116
405
184
295
384
453
734
783
724
865
122
5
136
73
889
268
739
680
430
322
577
823
692
944
658
993
954
424
747
303
54
575
120
836
267
118
522
763
317
283
957
1000
999
45
598
492
291
569
795
293
818
454
99
653
932
520
520
602
650
683
522
166
185
797
238
416
690
193
694
899
17
497
3
5
210
556
984
578
603
793
273
66
222
531
987
409
237
829
918
773
619
848
785
797
104
946
781
240
197
177
124
308
377
377
499
456
683
106
710
44
954
53
27
319
249
64
738
185
902
32
723
922
502
727
609
475
305
495
221
548
420
365
117
37
518
361
479
913
234
670
505
896
671
485
379
516
325
902
463
214
265
617
663
450
58
233
608
240
485
475
190
332
878
927
289
200
456
452
438
849
567
168
104
743
892
712
344
641
992
68
515
25
397
95
699
203
633
222
481
500
380
639
553
800
908
740
30
508
551
904
32
254
202
625
627
562
415
150
563
358
451
459
92
744
105
235
950
14
457
190
697
263
694
67
565
72
503
22
582
273
827
998
846
801
850
705
203
855
81
777
906
547
486
683
940
100
398
828
465
396
420
503
810
833
402
94
643
788
772
933
192
103
811
805
391
611
504
15
503
32
234
54
407
73
1
915
347
118
628
691
218
843
456
940
379
418
913
544
433
501
414
737
189
742
72
885
875
786
580
268
279
27
418
704
258
942
252
43
911
189
274
896
651
69
157
683
581
218
676
338
978
513
780
872
443
462
378
592
667
112
846
351
828
378
448
5
882
219
150
61
546
304
626
842
595
232
469
324
830
105
872
116
11
41
805
189
909
672
1
68
830
892
189
561
757
220
877
493
559
345
961
134
707
753
706
418
43
942
991
329
160
479
424
541
430
590
314
174
544
842
949
713
588
573
618
297
218
288
994
729
337
278
299
73
163
423
275
999
986
790
138
335
379
877
987
70
594
270
251
956
158
277
966
184
862
125
494
136
676
848
821
297
353
660
669
324
993
802
829
58
272
584
215
857
606
361
488
415
255
19
912
534
102
650
67
697
267
659
831
830
138
67
654
572
974
345
926
743
53
210
600
786
750
44
878
812
737
132
288
847
630
380
945
388
272
391
469
723
811
807
693
234
692
409
991
419
264
407
48
595
512
799
91
400
123
409
207
299
516
687
555
358
93
416
421
800
877
374
428
222
198
649
338
844
202
170
366
261
911
133
361
784
384
785
776
443
327
369
329
748
696
656
425
269
183
641
229
760
668
229
400
252
829
945
836
870
613
14
749
11
836
258
618
85
696
752
861
180
458
292
29
303
643
201
234
852
665
782
145
668
709
190
112
586
495
975
149
853
644
669
914
372
119
968
619
218
781
884
827
899
541
528
676
981
736
849
125
242
933
15
297
261
145
855
262
795
453
395
355
516
96
928
837
73
998
966
820
777
57
125
122
679
63
646
59
438
892
727
211
296
610
732
701
218
126
122
816
701
117
149
887
985
311
485
1000
634
411
332
28
991
947
859
929
393
137
662
21
969
649
29
340
125
713
541
724
629
655
486
943
688
370
629
296
492
179
797
