42
509
601
681
334
461
648
968
853
120
947
642
527
326
423
712
750
242
154
833
465
742
254
866
688
866
898
75
522
629
611
878
228
514
579
189
547
15
112
620
492
411
433
813
281
286
333
419
431
846
748
993
934
439
873
923
729
874
9
277
934
593
61
859
631
553
302
577
91
905
282
252
815
690
817
448
537
968
262
444
638
969
282
307
618
219
971
972
664
330
117
508
563
66
23
314
37
82
530
755
957
114
933
656
334
310
860
461
373
324
82
827
603
482
173
720
877
427
937
261
800
908
488
400
473
441
296
427
316
142
565
933
874
115
537
608
913
335
329
899
143
560
594
128
606
594
844
8
39
431
557
326
328
757
929
881
999
742
913
830
996
180
793
686
842
171
262
100
71
468
608
641
629
679
757
123
119
456
871
548
471
390
846
615
327
904
96
16
679
944
64
140
423
517
141
958
293
339
669
804
145
286
858
401
423
935
995
733
661
862
302
546
510
720
981
792
694
475
422
931
855
816
871
187
827
416
82
685
699
163
549
376
127
308
14
722
551
841
893
164
410
241
34
507
996
631
528
737
981
78
882
820
536
917
382
484
329
246
167
243
267
210
319
688
897
623
860
980
75
468
730
537
660
667
506
72
969
48
58
314
92
658
532
9
306
64
339
528
633
782
724
768
943
608
858
292
383
566
492
383
29
912
178
189
60
620
702
712
277
766
528
300
51
335
973
356
645
329
648
262
563
209
393
532
405
206
974
493
169
810
247
508
179
991
142
439
377
755
919
426
199
527
60
989
1
868
116
620
376
343
909
613
367
119
895
103
838
948
635
41
494
434
844
225
798
615
149
54
733
65
531
656
57
867
469
822
207
658
417
552
220
995
880
191
804
975
725
649
394
729
506
370
879
159
244
7
661
416
959
252
902
254
925
65
137
347
35
528
286
512
645
346
473
196
19
587
364
650
691
707
264
774
946
662
804
649
253
694
746
819
493
232
245
897
330
221
232
319
663
209
507
647
342
953
863
883
709
72
813
191
914
339
841
259
939
551
29
671
457
887
835
39
62
642
242
442
988
523
102
622
720
259
193
918
671
461
390
247
263
440
344
983
57
747
22
990
470
115
505
634
520
856
145
14
978
345
261
282
986
669
10
889
502
749
87
54
797
254
558
41
920
