48
753
364
884
427
755
958
482
408
256
310
253
961
343
96
832
197
163
415
750
245
80
242
733
231
660
416
40
570
602
91
533
338
92
465
873
534
961
104
673
560
344
347
194
13
164
208
531
518
504
797
121
230
349
810
299
493
697
215
480
77
202
57
718
987
796
106
740
375
23
215
138
223
748
286
279
161
953
39
683
440
555
674
903
601
612
561
577
743
414
767
836
539
55
442
656
352
653
853
45
302
147
714
422
29
372
678
740
829
95
700
752
299
804
310
726
886
87
113
606
979
842
705
100
710
328
861
458
290
663
436
493
715
485
177
133
273
839
539
793
96
613
311
35
166
226
898
439
661
323
625
562
170
38
660
944
460
133
475
70
857
83
511
842
437
62
884
480
829
334
509
870
627
172
305
890
314
590
557
642
693
819
106
453
251
778
352
24
246
224
987
803
76
193
661
229
877
846
268
733
767
296
229
83
974
844
425
47
823
224
335
848
567
477
571
815
200
397
733
981
180
222
413
33
13
296
166
311
332
140
232
534
664
190
194
529
273
572
959
296
973
407
977
783
523
537
116
856
959
23
916
597
494
930
849
736
698
721
698
190
679
425
528
817
831
271
900
286
548
245
508
31
780
515
154
929
617
720
381
544
441
273
476
177
235
18
400
952
668
355
162
652
225
588
221
656
86
52
700
347
710
854
751
474
531
877
930
909
329
850
87
983
598
787
382
473
645
334
17
322
427
271
853
464
321
926
381
882
211
68
945
689
24
568
376
915
252
917
602
634
954
622
961
341
350
764
296
686
778
599
661
316
983
404
995
609
974
838
699
767
263
112
380
502
338
426
152
9
933
778
857
394
445
444
347
387
352
125
44
462
811
709
906
7
615
179
276
289
81
901
868
806
266
304
675
428
924
413
158
476
839
397
79
532
107
598
830
951
998
886
914
971
40
431
338
300
804
276
777
383
354
867
666
937
748
251
432
89
870
616
250
636
201
733
580
768
361
466
841
698
950
246
352
756
648
942
85
161
303
934
41
755
161
823
644
855
973
50
714
559
919
300
364
409
525
771
833
574
986
912
589
429
841
733
736
648
173
593
889
160
830
113
5
253
222
802
203
624
708
892
210
589
169
601
749
11
513
518
541
638
645
369
128
471
575
668
601
161
269
73
504
695
841
639
68
637
376
475
518
140
458
458
607
451
66
830
660
258
142
7
801
96
353
980
292
287
487
91
716
254
945
549
226
536
834
749
22
883
584
923
309
132
463
916
449
328
947
172
738
334
124
526
868
532
15
762
688
871
723
369
8
871
865
758
429
978
271
14
891
487
158
329
376
158
467
529
513
158
267
754
325
951
675
154
462
282
887
603
773
350
625
823
29
636
740
380
803
452
817
560
324
89
298
590
64
147
182
513
966
788
836
273
919
726
979
764
463
594
577
102
314
915
42
636
99
157
244
734
579
688
176
699
432
314
324
705
28
323
359
181
208
818
348
672
256
801
723
947
216
469
348
196
87
592
326
177
163
26
327
548
766
549
556
608
256
1000
371
83
468
743
415
797
263
528
317
696
918
921
332
624
688
585
50
764
949
772
565
910
92
747
134
192
219
427
597
415
762
972
537
540
897
597
111
952
620
951
677
568
731
199
503
434
79
839
649
559
834
375
582
18
223
808
89
903
338
850
746
575
80
199
428
531
370
375
100
495
158
797
484
385
903
809
129
114
982
