49
1843
139
140
983
554
149
682
257
630
890
486
167
72
609
15
266
250
981
362
998
509
4
892
784
173
619
648
840
660
704
220
649
217
496
727
575
810
98
173
288
71
35
486
734
297
899
908
988
475
288
884
55
712
386
431
31
741
838
289
126
808
55
41
232
522
658
627
276
361
753
858
426
825
667
378
109
267
129
757
499
974
316
755
282
206
885
712
373
746
37
825
840
554
422
999
88
129
89
407
806
471
282
497
118
42
362
392
19
151
523
777
502
595
177
991
446
719
742
670
890
995
590
319
605
609
21
636
8
390
318
141
911
869
301
433
685
653
759
729
753
275
753
609
573
499
582
416
268
139
181
595
909
768
170
645
605
686
748
921
657
506
239
867
124
138
339
900
158
591
868
628
390
898
475
477
234
389
77
590
564
587
107
661
862
730
586
105
282
352
251
102
571
452
46
898
472
326
210
784
370
946
760
763
500
201
561
725
874
817
37
808
637
574
174
397
822
320
940
44
865
407
395
851
997
52
297
514
537
714
644
254
633
277
339
844
440
834
332
817
992
807
438
104
48
772
720
219
269
522
706
773
77
811
954
192
520
139
386
498
159
669
815
438
130
993
878
552
828
68
554
105
562
536
89
244
916
86
295
895
323
633
419
342
196
453
689
36
435
856
768
372
203
791
189
280
917
44
943
71
72
639
516
756
664
651
628
269
618
811
669
545
46
260
214
301
758
148
345
113
607
195
266
926
557
377
837
75
227
929
471
553
371
212
883
363
19
649
760
418
553
171
825
176
73
555
293
939
324
640
112
573
379
389
2
385
132
346
118
776
700
221
694
189
878
378
837
870
523
568
557
205
146
623
195
685
514
983
223
48
246
138
632
384
432
516
231
13
97
850
306
455
615
506
749
605
608
425
12
805
175
530
924
876
77
709
426
16
817
87
636
156
363
473
759
940
389
971
505
810
947
202
192
1000
125
983
530
231
530
266
255
351
688
663
595
184
585
512
152
305
375
883
764
759
308
941
567
448
747
919
976
512
131
872
712
723
557
860
71
164
940
44
93
46
645
173
372
849
167
429
916
272
452
307
135
160
736
999
575
3
410
842
628
590
425
799
554
287
880
426
466
76
853
831
40
776
735
582
421
327
574
398
14
756
951
232
181
560
96
334
286
822
921
763
277
253
860
76
622
942
470
512
413
70
846
860
591
854
589
954
976
113
119
442
190
950
953
449
94
503
91
490
654
241
233
555
339
213
724
961
732
590
342
494
670
524
518
289
154
872
16
663
636
905
833
818
637
934
177
455
738
429
914
243
846
948
937
96
62
454
98
709
452
488
153
828
599
780
958
977
121
846
392
863
528
901
845
708
529
908
984
128
738
122
853
762
478
750
34
348
295
391
86
664
567
12
966
747
927
687
581
705
636
679
572
553
686
38
234
226
259
192
374
590
316
493
147
678
382
345
163
815
412
482
47
939
307
889
254
563
142
365
292
651
219
324
748
510
669
756
641
876
131
921
290
809
834
799
133
784
606
779
373
311
695
381
902
733
353
505
360
898
636
366
250
990
910
157
58
821
405
462
730
392
738
657
13
527
178
729
98
567
414
221
351
430
718
785
290
15
138
58
573
618
97
49
944
522
965
906
739
886
654
374
188
904
278
78
998
338
606
240
891
675
519
191
426
380
659
358
948
375
236
173
516
738
581
439
582
976
320
651
978
649
8
602
960
4
777
449
877
842
204
263
383
684
615
328
102
607
292
500
796
103
745
522
526
514
208
137
931
311
128
360
829
367
891
67
781
674
633
153
620
717
126
229
471
867
79
930
754
409
691
346
849
647
439
968
275
747
930
941
248
112
523
584
756
607
560
425
412
364
768
464
673
189
122
73
74
423
504
875
167
858
295
305
612
685
80
193
378
852
68
387
116
425
322
300
96
714
869
300
101
914
245
4
52
793
314
700
370
480
696
396
532
872
143
521
380
523
875
763
92
486
236
749
840
692
94
300
129
110
275
819
654
626
415
518
718
610
581
286
556
95
217
381
914
845
805
338
474
928
248
599
80
151
651
337
515
585
550
32
6
765
531
616
674
966
776
638
39
31
475
207
626
251
769
302
321
320
752
908
701
597
302
741
111
897
130
664
262
166
689
759
288
959
987
57
479
93
575
812
718
760
844
111
364
92
42
518
96
850
984
815
430
617
663
117
896
316
551
978
993
197
425
403
406
282
365
479
182
96
508
912
939
46
600
917
505
995
475
743
527
762
869
914
284
540
866
6
20
310
396
799
339
597
885
2
969
104
911
490
686
222
487
393
992
679
255
210
650
191
652
343
311
1000
375
566
680
846
663
810
243
329
743
615
797
751
180
949
224
873
11
433
920
647
640
832
802
301
457
382
583
680
908
735
480
748
767
99
58
944
559
279
428
901
970
185
278
434
872
756
828
579
111
157
299
11
7
693
476
560
847
793
951
318
29
758
545
575
675
345
345
169
200
54
151
96
820
470
790
118
968
823
77
296
493
711
800
347
917
24
756
415
503
539
586
426
782
838
355
520
28
104
262
18
523
894
326
532
869
471
367
972
692
597
906
335
804
413
423
918
608
529
258
906
498
219
417
483
615
53
933
471
890
215
320
449
840
145
806
368
756
385
759
554
252
487
427
393
220
87
887
844
305
495
775
617
41
938
92
434
192
836
944
397
158
487
56
352
520
805
322
613
491
687
46
659
537
717
90
173
53
759
776
478
913
100
507
909
938
1000
586
614
162
435
460
737
254
696
725
239
537
228
240
282
145
48
797
700
417
631
588
691
447
260
91
331
318
102
757
989
295
749
828
55
619
290
192
83
740
122
680
620
925
884
104
471
390
715
372
791
213
461
652
275
842
853
464
612
626
686
542
841
814
497
841
485
340
657
493
268
774
85
761
401
626
597
99
588
731
65
154
275
693
255
24
798
814
75
478
687
387
852
981
530
801
292
138
25
622
447
890
435
46
336
63
182
34
81
49
818
734
818
552
352
146
484
248
443
3
198
742
622
603
487
835
895
391
685
255
490
671
926
15
808
147
133
474
721
523
399
185
424
568
894
229
687
234
973
581
939
114
461
424
640
25
600
39
88
15
733
751
160
680
940
214
156
429
770
675
476
687
734
379
215
769
180
874
103
143
666
383
92
217
146
715
430
852
320
938
573
11
692
443
940
290
994
165
790
148
208
602
830
333
391
913
541
170
838
734
656
271
323
957
256
217
731
527
71
198
125
980
127
242
858
474
197
892
711
724
334
623
446
446
96
181
562
704
604
201
530
546
27
164
663
712
559
83
969
101
339
694
615
556
69
708
494
708
227
253
69
156
724
240
990
192
513
239
254
315
612
128
889
838
591
653
688
999
975
149
580
165
707
420
512
163
32
937
370
571
487
199
394
365
441
983
310
616
481
891
901
480
315
277
283
625
652
249
588
275
26
49
788
6
269
136
422
240
423
593
220
205
128
697
671
126
276
202
615
981
633
809
517
575
851
882
351
251
978
146
836
171
240
550
321
169
891
354
539
100
498
404
53
850
230
699
700
159
798
10
385
575
223
577
239
81
59
934
471
550
194
823
864
192
759
715
874
453
525
266
941
694
289
931
613
467
801
373
473
826
189
191
300
248
973
763
323
190
396
560
217
607
692
136
152
786
505
442
416
683
122
49
61
919
141
332
844
808
546
870
261
821
876
825
80
101
763
383
145
965
629
186
206
609
718
693
67
272
477
762
115
11
26
325
218
6
709
600
265
880
792
489
530
88
128
289
876
496
936
670
433
111
534
371
790
922
986
86
634
842
684
235
411
772
277
167
86
132
193
560
61
251
636
275
790
140
763
629
417
585
692
302
338
739
736
971
56
10
135
51
925
866
213
789
480
166
308
400
455
345
106
98
688
747
261
261
746
664
140
423
95
776
767
713
293
370
402
674
62
826
733
380
668
885
232
416
1
114
550
526
470
868
503
240
338
445
851
159
150
525
931
77
574
36
218
245
154
396
708
536
366
578
277
474
479
782
917
244
623
560
59
499
931
30
520
72
475
452
214
897
177
691
353
601
22
53
868
460
897
616
214
677
569
33
190
251
558
147
293
161
267
471
356
21
990
638
302
980
762
430
159
852
821
305
932
369
342
76
397
436
82
6
489
817
703
216
593
616
456
908
391
959
818
376
