56
625
737
574
146
886
408
214
642
237
581
34
591
654
271
433
142
585
936
51
195
327
921
281
968
345
693
674
329
767
754
993
981
69
915
773
231
872
617
321
125
858
738
149
673
426
571
772
103
96
242
49
566
575
375
787
914
748
309
392
745
638
907
241
189
838
984
250
233
241
750
974
920
779
462
32
594
551
588
253
216
580
172
688
10
906
133
493
535
222
886
250
597
401
406
147
554
664
832
694
746
784
87
918
361
952
694
347
787
228
524
770
290
38
613
33
529
47
668
102
767
79
216
137
645
578
956
718
867
596
812
311
176
701
293
890
521
48
4
975
268
993
586
285
869
261
78
597
937
903
531
990
585
424
483
155
465
22
572
634
426
169
435
223
284
834
39
296
744
300
423
10
477
327
830
588
233
834
845
642
243
482
50
293
935
849
32
161
521
536
815
567
261
711
141
764
254
124
77
74
342
195
447
997
438
350
625
73
702
597
820
346
271
735
633
515
495
737
438
923
397
558
92
93
909
344
835
256
86
998
704
759
594
14
429
465
758
285
113
194
491
645
67
635
197
486
233
993
682
729
669
426
564
168
51
853
642
442
44
465
668
445
527
22
590
757
720
388
239
837
753
777
930
635
112
887
388
200
577
893
183
24
390
868
79
855
956
317
468
637
760
609
7
404
930
529
848
519
296
191
727
277
78
477
473
478
181
157
493
517
10
984
656
543
960
203
118
515
80
558
130
122
672
119
464
217
913
615
393
884
598
283
958
590
866
478
153
111
889
21
584
948
114
99
491
533
363
293
745
147
542
945
646
577
91
411
55
332
717
912
521
694
993
519
94
863
44
636
201
725
317
734
317
182
91
436
121
731
816
452
375
696
238
980
230
241
561
349
844
143
429
116
495
346
9
970
806
593
245
335
355
73
168
234
4
779
381
260
642
897
462
279
546
977
841
233
139
610
554
477
86
911
914
827
85
499
871
158
725
452
484
559
85
162
378
976
772
705
38
900
726
582
837
981
912
751
406
102
596
438
167
859
623
542
347
405
25
62
962
354
300
215
785
892
369
257
811
328
175
339
896
51
477
594
942
824
482
345
229
821
795
266
495
239
877
884
216
346
556
510
130
974
867
371
484
750
917
414
492
411
347
695
331
8
502
302
936
215
920
568
687
989
198
665
27
41
465
121
321
978
190
569
616
186
882
207
998
845
945
712
604
255
777
430
29
365
683
26
675
314
706
564
699
501
6
457
178
209
51
147
7
926
638
223
890
142
384
28
518
26
871
488
332
413
841
607
992
313
98
182
943
729
975
420
497
855
691
26
292
367
187
197
929
948
118
250
283
906
303
937
316
971
149
637
946
581
802
467
299
876
99
440
685
748
216
96
858
146
389
245
177
820
312
445
519
869
348
215
352
526
221
983
673
657
973
312
488
