69
517
858
49
760
493
831
663
730
231
917
932
119
284
210
55
52
735
162
657
396
4
311
251
461
509
947
865
313
775
277
576
944
697
843
108
884
637
143
237
709
410
821
67
294
441
684
551
192
31
531
940
181
994
893
198
768
983
984
18
795
771
795
478
721
440
950
26
77
555
110
688
307
452
905
199
13
414
423
30
376
999
241
671
65
618
110
794
242
923
252
420
857
882
933
847
723
868
66
940
661
15
619
542
827
405
680
681
501
810
722
403
598
697
157
986
742
587
786
222
987
978
928
39
484
814
235
866
822
717
32
145
634
904
431
177
407
820
682
864
268
894
445
662
145
611
935
107
54
967
920
746
403
836
675
540
642
157
726
800
259
299
783
633
750
232
482
744
246
986
472
492
740
50
170
40
441
38
718
260
592
708
617
174
27
152
950
514
981
88
766
151
336
821
976
325
440
357
347
708
912
695
170
470
555
14
111
848
669
938
443
596
396
347
156
627
921
88
464
249
131
135
890
41
958
301
59
68
584
760
242
76
36
475
79
701
339
410
356
246
687
79
69
124
490
76
458
768
287
538
954
426
710
249
275
134
94
489
503
870
814
577
560
936
852
821
136
177
394
445
170
634
110
428
581
387
577
671
618
805
619
367
484
420
477
200
504
100
78
338
37
435
442
759
797
384
887
271
460
659
778
985
689
261
458
227
755
17
347
27
69
795
551
246
301
303
711
642
802
461
312
840
716
932
764
148
392
133
574
559
500
762
458
476
992
150
779
450
86
646
167
698
955
569
241
281
750
540
142
352
32
49
26
722
549
384
756
934
890
902
871
694
191
334
386
23
495
174
490
42
630
531
390
50
523
735
987
847
894
594
945
226
467
470
822
914
871
816
378
734
778
492
107
652
30
384
730
546
560
443
605
219
236
623
350
340
198
518
148
519
126
17
512
743
555
414
827
382
739
643
806
444
417
478
674
912
1
78
874
620
185
688
669
932
8
339
296
711
811
149
147
450
557
361
219
809
79
344
73
63
304
977
896
151
807
284
565
460
647
819
650
174
10
642
363
335
537
485
460
125
299
940
778
688
860
571
586
142
535
805
120
397
671
322
257
529
123
342
602
246
233
628
106
257
316
123
197
154
976
799
523
964
773
979
664
88
962
286
189
351
525
116
896
559
504
415
175
600
645
