6
360
309
1
416
662
219
264
265
251
757
467
476
595
183
688
379
327
261
433
891
376
787
701
123
484
310
649
772
427
50
667
858
216
14
632
35
476
925
468
253
957
678
250
84
175
766
29
484
89
12
647
532
500
741
703
156
127
970
632
696
558
799
831
230
220
845
21
276
879
266
479
669
299
607
2
350
250
10
883
27
930
189
966
472
199
463
524
749
491
178
443
25
115
205
929
250
916
594
448
884
598
714
161
649
295
312
146
887
163
843
353
960
115
424
686
622
323
760
860
397
208
926
833
462
482
683
743
385
263
37
617
242
137
414
113
816
960
473
993
954
802
330
745
562
66
798
921
839
567
808
447
389
375
886
139
584
820
411
865
657
685
95
583
144
848
572
904
354
703
522
208
213
832
829
865
834
673
909
365
82
172
79
757
37
247
714
121
142
64
700
321
579
535
206
756
251
860
693
142
705
394
107
111
736
764
838
258
335
752
38
907
24
153
181
461
676
9
514
355
529
766
694
173
990
788
27
430
173
612
186
635
98
532
556
70
4
886
611
204
114
277
146
251
440
374
482
273
898
308
142
73
776
486
65
455
450
420
127
254
622
88
218
695
24
378
182
645
601
799
78
255
779
386
712
989
979
707
790
871
856
416
599
859
324
329
158
165
545
568
825
227
485
585
860
137
993
518
743
443
54
414
926
930
193
215
359
833
1
105
137
440
422
69
403
648
484
14
611
112
953
527
120
7
291
477
482
515
541
71
216
265
532
419
210
486
245
986
769
78
969
599
227
900
795
700
988
33
281
502
129
303
770
521
766
832
976
151
819
115
229
245
