8
483
260
615
597
161
572
899
114
625
227
384
694
934
548
637
176
400
207
967
198
954
394
863
276
569
873
607
824
668
996
803
612
845
656
62
228
575
856
858
104
391
118
404
123
80
12
687
77
642
576
776
670
130
904
842
885
744
514
915
944
941
943
510
764
124
624
171
352
675
881
572
45
265
110
777
760
130
964
534
659
393
385
739
336
917
862
12
80
215
403
994
100
267
180
699
257
565
323
653
953
702
814
121
584
263
347
725
732
733
721
178
809
254
721
944
660
491
628
22
110
894
302
222
443
613
300
784
731
280
538
974
369
304
440
721
571
656
438
618
753
177
613
987
617
848
672
927
617
203
571
350
727
180
130
30
782
588
902
87
490
636
588
277
822
768
782
116
892
277
917
343
653
621
815
929
673
592
182
976
913
813
674
542
954
34
504
226
741
904
202
687
646
562
113
691
658
559
480
418
708
446
715
236
385
634
280
268
842
158
660
59
530
186
697
277
249
671
967
138
600
752
193
799
46
9
521
558
35
476
182
571
75
738
989
313
20
191
574
869
188
241
209
592
341
362
713
995
874
564
759
774
455
892
178
705
739
186
845
903
305
800
617
352
624
57
293
342
752
677
971
194
510
330
558
743
874
556
337
807
526
976
512
126
593
29
237
52
45
557
44
966
638
147
288
135
957
796
106
771
891
347
895
308
650
400
433
129
472
321
729
355
941
964
555
634
352
275
66
16
788
913
310
740
89
308
547
593
408
371
605
32
103
866
240
804
646
988
188
276
137
688
665
646
823
303
679
954
722
613
602
677
760
766
228
127
833
715
291
535
50
221
892
5
170
537
56
640
811
885
639
1
219
490
626
984
147
98
301
422
816
668
628
875
256
189
541
248
631
441
423
831
459
811
770
18
532
609
327
914
425
676
760
265
423
39
243
41
323
709
300
894
329
471
705
122
77
742
457
976
899
734
695
419
715
164
428
151
679
434
955
712
271
433
457
546
341
750
157
321
797
751
716
139
615
999
472
690
224
312
345
862
405
481
172
370
97
257
756
397
521
3
550
28
871
19
330
238
684
983
318
161
754
633
53
139
608
796
113
219
734
972
36
673
804
