42
527
624
548
653
961
810
590
738
845
7
643
480
822
568
590
996
815
882
219
487
969
485
171
855
670
542
413
420
310
16
28
425
69
444
976
472
902
262
228
410
984
989
908
2
412
205
482
479
211
830
581
747
262
656
928
322
964
245
366
546
285
692
408
221
985
239
165
944
82
593
40
917
543
731
637
317
468
287
904
575
941
645
929
282
431
689
220
644
714
699
99
216
382
346
819
31
137
699
447
468
311
171
527
559
25
925
544
81
234
884
240
741
239
229
161
999
153
561
908
436
884
415
890
392
108
463
6
223
220
338
84
863
325
986
912
461
656
694
871
969
875
498
595
457
861
907
897
35
226
675
181
533
164
322
743
867
889
753
636
990
453
693
857
777
786
857
548
370
787
580
783
85
486
648
201
30
892
632
687
145
772
263
349
798
167
579
187
457
684
552
105
351
383
530
480
81
880
624
709
263
696
355
971
556
684
485
612
989
939
377
800
515
42
377
652
119
832
369
273
798
771
21
131
348
681
835
784
669
318
554
396
539
385
411
650
735
811
980
912
891
536
146
635
953
808
895
652
405
425
497
380
558
354
142
158
849
341
423
930
266
737
740
531
20
579
570
762
199
134
932
908
515
540
562
714
894
369
325
837
595
334
197
413
826
165
129
755
149
484
531
3
615
97
695
967
758
531
874
972
949
446
963
331
70
334
678
84
396
350
993
419
650
73
525
199
917
857
16
815
164
756
225
412
690
685
564
680
427
618
996
672
616
463
521
435
382
226
170
515
343
896
255
937
558
682
964
92
971
611
463
360
239
527
990
691
485
111
512
369
327
941
31
577
650
430
479
5
111
450
937
108
242
86
88
53
530
326
422
169
954
931
156
131
141
892
142
701
23
911
332
458
380
927
894
527
330
711
934
743
934
363
109
281
229
114
97
753
403
293
30
34
257
249
206
796
662
874
618
26
948
948
438
300
937
928
735
489
357
802
411
485
360
848
33
184
462
905
711
752
438
198
145
815
92
117
745
753
423
16
184
774
734
8
674
966
573
421
121
753
259
518
655
186
517
314
885
686
325
509
386
288
723
179
350
767
99
216
937
318
266
788
625
981
77
799
706
460
87
7
48
337
389
402
641
327
961
292
869
388
27
698
198
522
371
900
852
467
946
152
767
335
859
387
357
208
97
361
26
506
103
413
333
979
326
921
567
313
476
