40
367
40
328
618
587
41
970
806
518
826
276
477
422
951
826
354
303
893
707
615
720
470
170
201
793
132
849
648
565
961
260
317
456
213
492
191
537
197
38
113
537
962
461
462
310
376
451
94
304
241
376
388
332
664
63
807
787
122
523
404
825
413
570
300
624
767
816
558
872
491
420
274
189
11
864
517
607
312
326
934
47
627
336
63
305
962
78
145
84
722
26
103
177
31
666
78
154
399
20
967
54
335
290
176
217
946
962
419
383
350
478
794
978
709
418
748
916
535
500
162
434
869
143
583
102
567
887
431
306
726
844
788
969
62
243
28
186
72
451
870
533
405
960
715
973
267
78
878
467
481
40
333
220
28
86
411
507
502
1
261
967
93
858
117
335
731
501
368
489
810
458
496
776
918
251
664
129
609
395
610
682
821
428
456
444
784
693
75
724
236
794
801
48
168
656
572
688
728
909
656
341
112
131
850
658
256
652
134
167
965
676
226
512
502
426
656
537
451
426
387
712
499
884
805
81
544
55
700
591
362
541
878
386
254
446
208
348
508
290
941
635
93
852
534
935
596
15
780
950
67
971
90
253
545
309
353
628
342
897
773
34
666
292
147
489
833
599
772
240
891
119
630
509
872
679
469
950
102
606
802
565
593
41
47
552
951
736
49
476
206
852
385
629
3
681
497
142
179
19
69
556
747
916
866
983
112
936
887
785
739
431
420
484
119
371
846
644
22
853
23
634
103
813
656
416
853
258
890
262
338
551
149
538
939
483
842
882
541
431
374
889
757
151
60
39
456
325
203
984
784
977
931
137
728
498
33
856
630
591
213
389
87
872
990
257
261
248
77
