541
867
541
327
383
716
855
662
332
431
574
834
494
444
371
314
853
910
465
459
815
714
618
102
445
744
430
74
780
154
1000
974
905
957
889
417
473
309
105
166
712
909
642
426
936
247
744
664
892
889
206
975
197
338
531
754
973
3
413
240
538
208
412
133
341
185
562
329
92
788
745
584
853
446
359
761
620
226
950
650
919
681
878
973
71
283
238
668
698
340
768
306
391
282
302
325
985
126
178
246
504
89
394
491
828
89
307
208
707
557
509
905
229
821
296
51
687
765
357
492
637
739
504
135
99
215
268
172
229
635
592
24
173
171
361
609
525
759
920
197
94
279
101
276
776
486
124
250
795
721
895
857
390
290
940
727
925
176
609
748
280
977
973
279
602
787
656
409
24
16
174
226
179
152
871
522
326
491
571
603
116
183
789
309
676
22
477
378
871
284
778
340
4
288
568
531
265
177
678
347
452
363
355
925
98
193
123
461
769
61
156
508
641
902
974
375
337
609
522
984
207
988
929
916
79
111
169
828
136
372
524
23
594
872
529
456
189
746
855
516
415
595
175
735
796
655
706
335
563
131
563
273
174
991
909
963
378
167
344
586
928
660
985
557
819
328
839
346
594
642
461
399
857
830
773
347
579
777
777
614
203
540
400
806
516
22
959
347
820
47
278
286
320
890
781
517
917
923
974
722
427
506
332
734
646
214
101
8
424
861
836
386
689
195
610
509
944
65
782
987
983
216
394
542
802
166
24
152
264
184
701
10
534
449
949
897
616
66
391
213
33
987
994
276
572
632
616
607
444
895
474
947
25
617
196
731
524
79
59
460
54
584
564
1
500
144
791
944
21
346
187
60
310
562
291
124
526
492
618
925
966
81
827
43
532
763
269
134
680
550
621
122
205
234
652
319
412
518
498
147
238
656
578
940
969
482
928
987
109
823
361
117
735
910
98
4
134
574
972
93
196
755
142
803
150
887
131
420
96
292
638
994
459
537
195
381
153
204
800
599
466
616
900
441
175
767
934
308
887
681
209
250
737
357
215
613
513
470
484
56
110
442
940
189
532
872
519
975
277
904
731
450
629
200
139
215
750
987
912
884
433
52
733
147
702
116
895
882
734
16
964
651
55
735
363
885
192
19
269
147
262
85
474
706
750
846
223
129
891
467
534
876
530
832
303
858
229
977
398
385
141
501
909
389
195
660
723
216
225
138
13
151
228
972
476
289
332
699
143
166
1000
127
770
645
828
37
527
822
492
980
101
881
181
4
198
591
834
800
69
768
605
102
863
612
334
349
809
262
1
310
667
677
747
910
748
997
325
858
254
79
868
652
611
580
192
782
23
103
11
460
376
803
893
191
244
682
942
791
546
977
267
640
412
848
77
248
754
190
142
128
715
196
701
314
160
137
556
498
585
678
504
271
780
339
1000
788
355
418
682
826
918
929
227
521
233
158
598
670
542
463
750
87
150
879
143
541
676
192
618
689
467
597
359
50
114
606
960
454
12
402
923
847
781
368
865
960
834
991
957
888
256
271
511
846
111
663
777
934
320
833
1
66
261
274
57
245
137
518
227
388
504
588
769
430
759
989
284
605
999
259
76
478
502
520
903
925
463
148
229
884
339
364
523
446
872
423
118
487
1
202
539
431
502
758
60
246
101
704
942
746
985
242
305
198
50
561
759
21
845
302
89
808
982
305
46
589
747
586
797
737
859
770
54
598
686
762
140
456
214
873
181
308
199
52
501
675
595
730
31
934
514
622
686
610
888
856
859
894
646
213
88
210
718
14
53
546
281
583
88
475
275
841
930
166
522
866
560
715
530
578
791
175
197
506
852
753
161
737
834
633
410
743
949
379
586
477
399
35
358
964
489
48
779
862
773
294
680
458
809
222
174
339
231
57
774
651
154
958
65
812
731
256
886
520
381
275
327
849
78
536
765
323
663
407
990
481
646
76
715
973
618
821
775
228
662
908
829
354
898
