100
1000
237
556
512
805
617
711
83
688
361
154
575
755
520
928
348
439
179
483
330
536
308
835
299
661
336
559
336
329
245
755
471
463
977
379
930
154
487
654
331
555
771
79
199
262
736
512
33
695
719
120
889
105
435
391
716
927
67
567
797
991
311
694
756
299
839
161
878
10
992
890
190
287
713
165
291
744
205
272
225
706
209
329
229
986
121
564
555
487
990
85
161
647
51
875
58
87
240
846
324
822
838
803
75
756
460
557
378
736
817
502
230
71
203
110
166
692
399
754
504
628
130
1
189
672
528
763
640
993
867
100
931
327
79
576
714
202
251
886
988
453
42
370
736
296
755
326
676
877
885
305
563
5
479
994
104
892
696
998
310
786
610
609
59
939
196
873
916
162
136
577
738
97
777
685
437
644
890
25
968
951
315
127
581
340
69
233
754
882
89
859
189
66
395
853
692
524
181
464
32
538
825
846
11
547
502
431
111
283
136
584
409
768
313
847
646
952
364
677
988
362
132
499
708
498
120
337
814
929
753
522
959
68
303
164
815
435
585
999
77
909
756
867
759
402
854
959
228
761
868
311
509
804
368
246
307
112
415
52
34
449
682
634
135
318
826
260
622
73
978
885
968
354
752
65
242
908
36
135
41
215
52
375
253
664
463
67
275
238
648
87
656
366
854
253
850
458
618
653
297
989
288
763
190
746
162
323
779
485
305
153
876
666
125
436
84
542
431
106
979
339
461
714
446
871
814
550
399
718
870
888
167
695
708
710
770
813
691
113
681
855
998
962
301
763
567
14
259
558
409
844
259
174
228
300
798
908
458
491
159
164
48
532
721
615
318
681
201
651
851
162
957
185
571
924
269
752
58
190
497
512
653
705
340
105
295
702
799
637
497
292
49
227
118
410
141
693
318
34
365
885
353
222
542
91
599
271
667
714
317
68
679
188
539
520
453
91
740
799
770
898
605
738
69
635
249
905
6
554
492
305
149
505
183
534
68
173
476
411
304
561
34
775
147
818
563
994
142
156
452
264
886
747
732
325
228
252
649
890
889
500
279
135
753
104
291
434
559
711
784
623
226
38
863
464
871
83
340
470
799
156
982
257
787
992
255
420
381
469
726
261
224
124
241
340
690
571
902
745
272
970
924
595
27
255
501
542
51
877
839
469
57
547
924
265
41
585
902
496
160
48
159
473
906
163
752
143
15
160
208
12
86
660
416
424
915
622
844
442
277
850
916
150
627
385
836
496
145
998
521
272
277
349
365
471
759
335
381
873
864
961
137
411
114
478
203
78
336
146
60
156
607
792
243
82
302
22
783
720
522
152
543
269
221
26
728
222
304
578
976
801
150
893
120
300
90
800
511
236
588
434
52
163
489
17
452
937
649
178
565
190
292
877
58
951
559
104
136
487
452
43
576
72
96
707
95
834
984
219
986
379
510
928
461
968
65
748
686
98
780
173
718
493
968
527
504
189
403
439
517
49
811
561
806
237
238
989
732
723
156
77
629
234
719
363
664
866
177
960
50
286
655
624
817
162
293
900
210
495
178
720
462
949
453
718
411
25
424
154
672
168
660
864
560
98
910
611
538
178
592
79
696
932
11
977
104
832
635
246
88
23
83
697
373
19
307
9
253
500
279
986
826
160
250
586
786
978
859
376
934
479
703
208
432
573
127
817
625
853
827
27
169
794
399
259
80
578
300
450
316
901
506
333
844
716
70
165
133
987
119
657
507
370
669
203
418
384
595
25
629
369
628
925
911
547
484
55
456
275
521
737
938
413
354
107
108
339
726
40
311
413
16
825
808
474
274
136
934
486
856
848
868
317
726
299
280
887
708
171
109
245
449
14
341
555
382
356
972
94
988
795
689
415
729
845
966
976
230
223
379
103
589
61
365
121
970
797
973
529
751
921
382
881
796
641
103
24
462
656
594
68
551
534
219
562
743
982
309
12
946
736
274
402
554
578
578
996
671
674
734
895
371
56
820
902
666
962
918
923
242
719
567
606
576
272
205
597
556
868
901
581
757
91
491
888
824
142
769
183
533
476
194
513
106
320
544
517
628
769
371
461
683
322
986
76
78
11
839
137
511
431
846
868
928
689
790
544
550
328
403
945
956
426
107
88
571
592
104
189
641
302
629
557
592
71
221
637
841
734
432
437
496
504
911
152
418
608
282
155
356
778
448
803
805
732
575
732
927
354
788
712
130
786
750
468
17
175
838
473
273
106
417
162
176
677
441
666
579
217
969
752
18
499
608
837
799
515
591
660
645
149
