10
500
700
223
822
909
564
922
685
858
179
251
731
814
163
811
327
311
87
814
350
32
50
557
549
121
345
635
686
871
70
775
458
197
926
522
510
531
29
209
561
567
240
533
388
66
588
754
10
116
686
860
594
889
170
33
171
958
991
490
336
631
274
539
517
443
731
278
857
690
117
483
459
341
90
268
313
960
134
278
599
348
802
257
149
39
277
651
445
152
414
474
91
541
404
25
534
207
337
173
710
33
149
48
197
997
7
662
379
376
193
310
109
847
37
627
567
17
954
316
850
63
956
121
606
754
731
71
36
563
722
773
557
753
507
712
847
206
97
276
330
203
918
444
117
453
206
715
271
904
155
972
587
516
339
784
250
965
127
326
575
279
309
767
296
48
640
482
737
640
70
789
85
944
827
310
687
95
573
385
397
859
127
995
879
726
337
934
959
414
992
405
265
281
970
963
996
504
365
871
754
132
160
3
437
343
810
277
138
933
385
389
418
50
718
800
743
605
640
933
148
189
398
430
168
427
793
985
836
713
560
431
42
905
278
68
353
761
281
449
887
53
572
295
982
262
608
237
450
529
383
259
569
851
409
487
212
36
850
648
166
809
475
378
770
415
319
258
906
565
794
666
533
473
813
326
144
517
77
960
65
731
453
745
151
343
761
170
278
821
893
586
210
778
420
736
130
511
397
731
111
435
195
39
5
600
469
60
833
689
237
594
675
443
420
343
462
386
718
573
38
188
122
317
905
844
773
728
337
504
535
1000
625
900
934
882
254
842
114
959
152
194
497
731
857
287
67
893
245
242
912
528
955
707
257
482
987
613
45
851
864
866
277
928
976
495
826
777
721
232
773
839
846
759
167
235
515
585
162
50
117
721
40
837
750
410
930
305
439
935
276
337
742
229
79
37
867
68
215
45
405
497
990
102
531
656
856
937
272
816
385
896
334
247
628
338
166
720
990
433
582
505
410
386
492
690
917
429
643
11
581
742
331
294
454
339
998
469
5
710
544
389
936
93
559
715
341
73
740
293
35
332
143
28
150
470
194
504
911
329
287
333
699
427
11
973
67
957
447
559
884
858
309
942
695
194
864
637
604
584
495
409
42
120
259
823
106
28
647
624
702
617
960
281
947
630
516
280
254
485
952
133
