40
200
668
831
840
78
958
260
191
373
629
728
701
895
630
284
956
730
745
379
667
572
231
781
224
732
93
468
625
667
22
622
431
658
632
749
133
61
773
324
384
841
165
987
886
10
546
244
780
960
412
382
291
971
574
625
826
804
393
172
426
846
775
364
182
61
763
942
737
702
983
327
301
503
622
418
889
200
651
618
570
899
969
272
22
815
813
926
237
459
9
341
497
457
515
148
111
945
565
858
501
40
893
87
615
464
272
790
61
834
499
941
680
841
418
96
141
993
708
59
752
608
631
262
469
332
400
918
810
493
374
913
601
811
720
842
941
675
523
375
547
975
624
335
172
396
430
639
415
552
4
287
4
939
82
425
694
997
40
273
513
737
590
795
700
448
198
649
232
97
847
948
979
847
12
806
446
715
204
726
405
772
355
227
568
757
249
356
621
910
26
863
89
717
750
928
255
6
745
684
384
304
