40
1000
751
802
917
280
289
145
855
547
495
421
873
229
225
544
779
848
729
728
18
567
827
683
428
829
910
850
759
625
540
398
490
253
503
769
964
55
620
879
443
919
108
604
720
266
393
279
50
943
934
919
104
16
226
877
411
371
958
667
362
33
748
643
960
262
51
987
499
267
713
663
174
961
496
808
634
935
404
291
529
597
371
533
331
729
766
998
628
554
496
139
149
596
164
625
353
164
772
359
76
292
471
979
959
128
250
55
359
890
323
581
567
643
737
209
363
836
560
63
831
244
516
484
966
802
444
193
15
581
377
797
309
705
823
770
391
766
531
987
7
756
237
149
502
337
832
436
768
663
816
710
220
495
651
926
959
410
571
658
505
794
523
62
112
588
184
676
812
801
674
252
523
125
723
81
885
447
631
708
642
274
229
509
515
412
709
71
103
149
786
724
599
434
274
225
68
291
763
962
783
817
192
809
449
861
917
467
948
932
519
139
218
775
520
492
348
523
369
769
974
483
584
559
521
487
565
598
521
599
327
123
776
984
469
698
394
563
978
786
907
106
752
849
254
932
664
82
336
403
720
947
980
148
22
492
943
823
741
109
951
336
365
584
16
357
528
503
799
800
322
215
426
631
993
501
415
91
734
935
773
822
489
846
360
80
644
778
289
435
785
999
133
61
157
159
941
111
801
353
934
180
623
856
153
60
82
607
126
26
985
331
708
362
813
17
956
254
785
602
432
667
90
747
981
304
6
130
904
7
130
919
209
511
646
743
417
529
196
223
945
785
234
247
870
264
468
20
904
848
37
610
922
983
687
682
167
95
777
937
778
229
760
721
558
873
578
836
528
829
223
181
34
154
856
354
969
584
405
263
474
308
553
844
296
966
785
211
33
739
285
946
346
545
46
288
519
313
233
22
247
106
922
394
848
652
181
252
167
33
448
699
3
51
741
272
307
554
463
750
684
740
675
991
143
306
281
227
995
617
611
117
551
622
694
318
674
534
862
702
71
445
62
823
427
765
496
557
921
337
674
259
128
106
579
296
387
290
636
458
417
839
809
633
398
994
346
719
938
329
813
158
273
2
119
212
210
337
275
59
787
492
82
83
902
348
956
779
509
623
685
677
123
772
875
243
662
958
95
911
359
533
970
7
580
9
666
984
489
464
326
762
538
314
454
269
676
948
718
522
693
786
644
661
976
176
952
313
197
138
796
285
489
378
292
558
482
122
856
269
926
739
848
650
21
989
735
17
651
424
338
68
266
147
907
729
440
82
673
142
77
509
178
10
480
367
996
285
450
653
17
347
787
96
905
100
531
283
972
232
164
729
848
354
542
889
735
746
115
492
157
415
357
401
913
333
84
206
858
123
404
729
116
200
934
135
282
648
582
854
926
969
381
854
463
547
352
158
34
655
361
908
621
54
5
564
544
510
349
869
909
937
248
903
529
430
297
266
787
292
133
244
692
524
536
761
264
671
136
608
884
944
906
339
768
138
972
799
792
413
227
837
437
214
566
312
273
180
635
559
251
194
896
582
543
506
692
912
50
750
391
88
5
413
847
761
791
908
428
561
712
923
663
789
755
210
158
442
4
371
843
664
299
977
727
115
927
602
513
741
414
201
755
798
756
871
806
885
210
835
756
660
73
999
271
679
503
37
345
669
785
538
579
659
810
890
770
213
395
812
30
950
204
367
621
521
137
741
544
465
568
247
20
22
514
145
196
193
272
504
53
259
89
689
402
897
689
644
313
130
907
376
269
979
827
288
61
699
325
223
118
451
130
472
804
465
84
178
719
293
983
650
499
58
259
217
168
697
399
647
628
707
833
919
461
238
411
933
132
122
136
598
718
300
719
463
69
387
471
225
646
601
276
603
580
803
816
752
333
653
125
699
739
440
714
72
830
406
413
197
336
703
257
385
298
204
952
403
61
76
2
422
923
318
350
260
174
814
919
545
185
323
843
297
46
641
665
780
968
898
777
136
163
474
553
488
712
859
932
101
709
942
181
290
788
75
197
140
843
67
369
81
612
772
320
632
6
45
44
66
300
867
238
271
11
819
527
820
882
696
788
595
389
975
617
820
619
546
298
459
130
890
606
466
798
800
813
288
217
974
779
962
848
201
789
513
802
241
92
604
327
885
208
319
462
593
630
620
319
601
389
362
26
730
13
811
64
711
905
546
497
98
743
580
237
291
214
6
135
134
31
144
94
96
367
633
502
26
643
75
928
153
301
688
741
621
79
308
792
776
133
149
412
514
448
113
851
267
552
751
58
240
