42
509
100
214
20
725
368
485
345
999
38
405
324
420
308
432
102
56
976
401
441
928
838
550
399
274
627
375
365
107
865
54
696
672
619
927
454
361
676
122
33
531
275
222
991
254
330
632
534
286
7
468
542
61
922
140
695
593
288
711
868
114
24
339
224
862
100
270
160
616
746
161
217
143
699
190
68
571
371
892
191
78
795
945
751
24
308
535
986
283
133
538
241
784
910
121
381
729
397
866
922
793
857
187
266
777
830
710
475
501
473
53
979
214
412
967
618
729
755
25
298
392
48
153
19
703
124
327
578
10
871
364
450
644
411
959
395
747
388
510
58
387
258
130
810
80
969
695
553
536
72
306
270
728
890
643
898
974
386
525
68
199
618
436
154
138
926
111
132
964
132
37
899
557
7
780
442
355
548
80
196
789
956
482
550
3
555
585
270
381
232
693
581
465
934
313
137
225
275
680
782
404
791
532
701
19
583
763
181
86
963
563
578
281
988
527
99
762
602
883
688
924
853
444
460
968
155
948
895
306
217
116
960
642
597
490
865
765
740
550
642
155
535
912
963
482
571
828
724
611
169
928
631
283
99
805
593
773
352
84
621
461
866
739
594
320
518
968
718
467
348
486
450
737
320
614
703
385
296
175
705
223
822
369
44
426
96
438
413
6
566
258
434
291
452
812
692
213
490
510
52
13
400
786
844
680
877
717
687
895
802
1
475
407
634
181
30
697
165
647
663
861
110
493
150
306
97
936
503
625
256
219
515
811
472
611
608
824
736
758
658
666
618
377
705
801
949
61
853
728
442
681
631
664
29
142
514
236
735
655
890
228
226
919
756
645
796
992
766
145
463
601
824
268
928
320
379
575
79
264
473
528
718
356
686
41
574
509
661
791
726
152
262
526
846
764
582
820
955
138
495
451
291
61
554
787
732
413
794
32
303
303
547
159
371
967
203
214
800
225
191
901
16
19
33
88
533
391
193
86
887
592
210
383
796
283
911
457
917
489
325
75
711
713
890
294
431
915
174
241
194
946
865
404
668
954
238
848
742
235
22
877
414
611
640
179
682
899
119
29
724
411
356
906
821
56
14
662
515
7
600
241
285
50
674
662
633
362
914
575
595
749
660
375
481
91
591
608
996
868
99
934
50
60
120
556
426
681
56
901
591
