50
500
952
438
159
434
822
205
830
76
113
134
833
727
400
790
362
816
383
741
99
602
339
366
794
410
600
310
461
259
441
651
370
547
215
87
554
142
15
173
542
761
317
571
426
545
605
448
506
773
611
896
83
697
449
342
739
773
410
777
187
166
236
594
187
883
875
477
639
594
292
374
769
700
591
622
95
462
849
70
447
418
1000
59
504
621
104
498
763
490
701
718
889
175
610
49
798
782
82
343
7
208
990
153
64
125
38
704
857
926
51
927
794
422
28
982
996
206
391
461
186
401
755
254
936
232
315
183
890
606
110
758
793
534
485
413
210
412
884
336
271
449
564
548
545
139
64
363
198
420
671
645
952
490
970
609
311
951
71
724
312
234
885
505
445
422
584
315
151
689
935
983
441
143
780
556
167
136
756
999
598
295
272
954
470
493
867
950
774
174
637
585
375
690
384
937
188
86
905
810
991
532
656
212
783
184
291
760
281
197
480
636
461
464
26
622
843
594
318
782
630
180
511
542
783
518
6
886
324
40
494
339
299
501
863
536
258
117
961
296
977
858
891
890
130
853
501
598
335
193
83
320
261
777
155
91
704
942
737
519
240
699
440
901
266
836
492
570
905
548
621
323
734
799
71
17
958
759
1000
629
603
139
274
653
598
604
769
286
699
402
215
949
557
239
31
753
84
994
830
875
308
919
144
258
961
452
914
448
143
79
100
16
70
494
890
740
342
439
595
906
559
554
897
159
517
972
826
943
338
645
54
115
828
36
835
540
760
697
973
487
199
771
577
18
249
308
748
486
583
817
304
53
469
502
895
542
367
506
891
6
539
447
692
897
672
5
267
634
933
630
920
615
878
861
479
985
650
307
856
666
112
946
607
320
540
566
673
129
436
585
488
271
127
198
160
166
592
296
755
563
672
796
10
184
314
275
590
989
179
437
270
465
106
795
185
90
812
283
814
129
362
17
154
857
7
756
458
577
349
679
114
304
632
721
389
185
421
935
197
895
668
624
702
707
747
466
990
771
557
171
24
85
564
906
393
141
938
119
242
659
86
57
895
929
629
614
87
555
119
200
790
591
643
478
983
623
301
360
406
797
136
896
357
22
535
261
981
754
448
505
519
579
187
629
387
461
407
436
953
101
710
422
